   0.0000000E+000
   6.3419457E-001
   4.4785487E+000
   5.2423406E-001
   7.8453396E-001
   1.5839340E+001
   3.0244976E+001
   4.4219742E+001
   5.8765141E+001
   7.8321479E+001
   1.0249659E+002
   1.2796837E+002
   1.5744166E+002
   1.7739717E+002
   1.7237051E+002
   2.0112998E+002
   2.4986355E+002
   2.6652133E+002
   2.5510801E+002
   2.1703568E+002
   1.4888799E+002
   7.0021629E+001
   1.6214651E+001
   1.8947162E+000
   1.9996089E-001
   2.0985228E-002
   2.0558000E-003
   1.8006366E-004
   1.4020122E-005
   1.0022915E-006
