   0.0000000E+000
   1.0670874E+000
   5.8233503E+000
   1.2988315E+001
   1.9821467E+001
   1.8932976E+001
   6.0268180E-001
   4.2667133E-001
   2.5564935E+001
   6.4441296E+001
   9.5771514E+001
   1.2535389E+002
   1.5123538E+002
   1.7580026E+002
   2.0559554E+002
   2.3807699E+002
   2.7055194E+002
   3.0457143E+002
   3.1796190E+002
   3.0738765E+002
   2.6897588E+002
   1.9598675E+002
   1.1316630E+002
   4.8770279E+001
   1.2686245E+001
   1.8707901E+000
   2.0698845E-001
   1.9087626E-002
   1.5094349E-003
   1.0792780E-004
