   0.0000000E+000
   6.1862447E-001
   4.3978166E+000
   5.0762042E-001
   7.5968748E-001
   1.5446976E+001
   2.9787048E+001
   4.4824305E+001
   6.1175472E+001
   7.6999474E+001
   1.0218850E+002
   1.2749863E+002
   1.5647406E+002
   1.7677084E+002
   1.7153636E+002
   1.9541193E+002
   2.4626791E+002
   2.6190641E+002
   2.5165415E+002
   2.1232416E+002
   1.4648754E+002
   6.8654264E+001
   1.5979305E+001
   1.8632976E+000
   1.9633215E-001
   2.0617420E-002
   2.0240819E-003
   1.7777202E-004
   1.3879139E-005
   9.9448244E-007
