   0.0000000E+000
   1.8718594E+000
   7.4875225E+000
   6.5986399E+000
   2.9948320E+001
   4.6795241E+001
   6.7376462E+001
   9.1543226E+001
   1.0346484E+002
   3.0878027E+001
   2.9567265E+001
   5.2173483E+001
   4.8138848E+001
   6.7087805E+000
   7.4984137E+001
   7.7930172E+001
   2.7270999E+001
   1.9302404E+002
   2.7253905E+002
   2.9447212E+002
   2.8067361E+002
   2.3877966E+002
   1.7329743E+002
   9.1553331E+001
   2.5367433E+001
   3.6977015E+000
   3.9900211E-001
   3.5604439E-002
   2.7369721E-003
   1.9583969E-004
