   0.0000000E+000
   6.2626604E-001
   4.4479332E+000
   5.1335321E-001
   7.7844278E-001
   1.5233252E+001
   2.9763506E+001
   4.5899782E+001
   6.3976745E+001
   7.7328282E+001
   9.3175301E+001
   1.2781676E+002
   1.4915612E+002
   1.6735704E+002
   1.6005603E+002
   2.1071944E+002
   2.5711089E+002
   2.8206263E+002
   2.7296218E+002
   2.2099048E+002
   1.4628093E+002
   7.1898395E+001
   1.5244933E+001
   1.6621551E+000
   1.7460519E-001
   1.8381424E-002
   1.8074613E-003
   1.5918805E-004
   1.2525103E-005
   9.1279566E-007
